a<-c("0","1","0","0","0","1","0","0","1","1","0","0","1","1","0","0","1","1","1","1","0","0","1","1","0","1","1","0","0","0","0","0","0","0","0","0","1","1","1","1","1","0","1","1","0","0","1","1","1","1","1","1","1","0","1","0","0","0","0","0","0","0","0","1","0","1","0","1","0","0","1","0","1","1","0","1","1","0","0","0","0","0","1","1","1","1","1","1","0","1","0","1","0","0","1","1","0","0","1","1","0","1","0","0","0","1","1","1","1","1","0","1","1","0","1","1","1","0","1","1","1","1","0","0","0","1","1","0","1","1","0","1","0","1","1","0","0","0","0","0","0","0","0","0","0","1","0","1","1","1","1","0","0","0","0","1","1","0","1","1","1","1","0","1","1","1","1","0","0","1","1","0","0","0","0","0","1","1","0","1","1","0","0","0","0","1","1","0","0","0","1","0","0","1","0","0","1","1","0","0","1","1","0","0","0","0","0","0","0","1","0","1","0","0","0","0","1","1","0","0","0","1","1","0","0","0")
b<-c("x","y","y","y","y","y","y","y","y","y","y","y","y","y","y","y","y","y","y","y","y","y","y","y","x","x","x","x","x","y","y","y","y","y","y","y","y","y","y","x","y","y","y","y","y","y","x","y","x","x","x","x","y","x","x","x","x","x","x","x","x","x","x","x","x","x","x","x","x","x","x","x","x","x","x","r","r","r","r","r","x","x","r","r","r","y","x","r","y","y","y","x","x","x","p","x","r","p","p","r","y","y","y","r","x","r","y","y","y","x","y","y","x","x","x","x","x","x","x","p","p","p","p","r","r","r","r","x","r","r","x","x","p","p","r","r","r","p","p","p","p","y","p","p","p","p","p","p","y","x","x","r","r","r","r","r","r","x","r","r","p","q","p","q","p","q","y","p","p","x","x","q","q","x","q","q","p","x","p","p","x","r","x","x","q","x","q","q","q","q","p","x","x","p","r","q","r","y","x","r","r","x","r","x","p","x","x","p","r","x","x","x","y","x","x","r","x","y","y","x","y","x","x","y","r","x")
y<-c(0.80,0.95,0.96,0.85,0.86,0.82,0.81,0.93,0.87,0.99,1.00,0.95,0.98,0.64,0.56,0.83,0.72,0.82,0.78,0.60,0.45,0.83,0.77,0.38,0.53,0.39,0.37,0.35,0.67,0.60,0.80,0.77,0.92,0.76,0.69,0.80,0.79,0.73,0.47,0.75,0.71,0.73,0.55,0.82,0.71,0.38,0.78,0.32,0.47,0.80,0.47,0.89,0.72,0.63,0.44,0.38,0.41,0.80,0.73,0.64,0.83,0.53,0.38,0.43,0.18,0.17,0.19,0.48,0.46,0.32,0.48,0.32,0.16,0.35,0.31,0.67,0.43,0.52,0.59,0.45,0.47,0.04,0.76,0.52,0.76,0.26,0.57,0.89,0.28,0.38,0.34,0.36,0.25,0.81,0.43,0.36,0.99,0.66,0.61,0.54,0.46,0.72,0.49,0.39,0.95,0.91,0.93,0.44,0.61,0.79,0.71,0.43,0.35,0.77,0.66,0.73,0.72,0.55,0.73,0.72,0.49,0.53,0.70,0.71,0.61,0.33,0.26,0.70,0.51,0.19,0.54,0.81,0.22,0.28,0.10,0.03,0.72,0.68,0.41,1.00,0.70,0.58,0.92,0.36,0.84,0.71,0.86,0.95,0.88,0.84,0.49,0.44,0.66,0.49,0.67,0.92,0.87,0.77,0.69,0.72,0.82,0.86,0.90,0.83,0.78,0.92,0.84,0.61,0.82,0.82,0.70,0.13,0.51,0.44,0.58,0.92,0.92,0.69,0.49,0.76,0.49,0.72,0.52,0.57,0.18,0.73,0.72,0.60,0.61,0.66,0.80,0.75,0.86,0.41,0.47,0.38,0.84,0.49,0.76,0.77,0.87,0.45,0.53,0.25,0.39,0.50,0.92,0.69,0.69,0.82,0.85,0.41,0.64,0.60,0.75,0.53,0.83,0.50,0.67,0.69,0.69,0.80,0.83,0.73,0.21,0.57)
